=========================================================================================================
   TRAFFIC LIGHT MFG EXAMPLE (HIGH DIFFICULTY) 
=========================================================================================================
Parameters:
  xmin = 0.0, xmax = 1.0
  T    = 1.0, Nx = 200, Nt = 100
  nu   = 0.02, beta = 2, penalty = 150.0
Solver Parameters:
  PICARD_MAX_ITER = 200, PICARD_TOL = 1e-06
  DAMPING = 0.3
  NEWTON_MAX_ITER = 20, NEWTON_TOL = 1e-08
Grid Info:
  dt = 0.010000, dx = 0.005000
---------------------------------------------------------------------------------------------------------
Iter  | Abs Err U    | Rel Err U    | Abs Err M    | Rel Err M    | Newton It  | Time (s)
---------------------------------------------------------------------------------------------------------
1     | 2.9048e-01   | 2.9048e+08   | 7.9878e-01   | 2.6270e-03   | 383        | 0.0985
2     | 2.3330e-01   | 5.6793e-03   | 6.9334e-01   | 2.9380e-03   | 401        | 0.1015
3     | 1.7517e-01   | 2.3872e-03   | 6.6606e-01   | 3.3546e-03   | 407        | 0.1013
4     | 1.9055e-01   | 1.9726e-03   | 3.5479e-01   | 1.8386e-03   | 467        | 0.1156
5     | 2.0053e-01   | 1.7724e-03   | 4.8688e-01   | 2.6230e-03   | 451        | 0.1131
6     | 1.4072e-01   | 1.0575e-03   | 4.7267e-01   | 2.6049e-03   | 457        | 0.1131
7     | 1.0389e-01   | 6.9216e-04   | 3.3268e-01   | 1.8234e-03   | 432        | 0.1064
8     | 7.9965e-02   | 4.9054e-04   | 2.9421e-01   | 1.6144e-03   | 436        | 0.1077
9     | 5.4902e-02   | 3.1770e-04   | 2.7887e-01   | 1.5732e-03   | 420        | 0.1036
10    | 1.0560e-01   | 5.8885e-04   | 2.5356e-01   | 1.4481e-03   | 419        | 0.1031
11    | 6.5553e-02   | 3.4850e-04   | 2.2234e-01   | 1.2756e-03   | 432        | 0.1058
12    | 5.6598e-02   | 2.8975e-04   | 1.9547e-01   | 1.1289e-03   | 424        | 0.1047
13    | 4.4750e-02   | 2.2135e-04   | 1.6994e-01   | 9.8245e-04   | 412        | 0.1015
14    | 3.6502e-02   | 1.7664e-04   | 1.9315e-01   | 1.1162e-03   | 420        | 0.1032
15    | 4.8956e-02   | 2.3324e-04   | 1.9823e-01   | 1.1540e-03   | 408        | 0.1012
16    | 3.7029e-02   | 1.7504e-04   | 1.3755e-01   | 8.0202e-04   | 407        | 0.1007
17    | 4.1341e-02   | 1.9364e-04   | 1.2814e-01   | 7.5180e-04   | 409        | 0.1010
18    | 3.1064e-02   | 1.4284e-04   | 1.1445e-01   | 6.7082e-04   | 415        | 0.1027
19    | 2.1605e-02   | 9.7894e-05   | 9.0494e-02   | 5.3412e-04   | 401        | 0.0993
20    | 2.1906e-02   | 9.8563e-05   | 9.9698e-02   | 5.8680e-04   | 411        | 0.1016
21    | 3.3204e-02   | 1.4798e-04   | 1.0023e-01   | 5.9014e-04   | 408        | 0.1008
22    | 2.3007e-02   | 1.0180e-04   | 1.0682e-01   | 6.2865e-04   | 417        | 0.1028
23    | 2.2602e-02   | 9.9695e-05   | 1.1409e-01   | 6.7382e-04   | 404        | 0.1000
24    | 2.6977e-02   | 1.1909e-04   | 1.0243e-01   | 6.0237e-04   | 413        | 0.1015
25    | 1.8835e-02   | 8.3100e-05   | 9.3832e-02   | 5.5392e-04   | 407        | 0.1006
26    | 1.5319e-02   | 6.7423e-05   | 8.9094e-02   | 5.2496e-04   | 415        | 0.1029
27    | 1.5367e-02   | 6.7438e-05   | 8.5981e-02   | 5.0797e-04   | 406        | 0.1009
28    | 1.3655e-02   | 5.9845e-05   | 7.8720e-02   | 4.6394e-04   | 410        | 0.1023
29    | 1.3313e-02   | 5.8276e-05   | 5.8709e-02   | 3.4664e-04   | 405        | 0.1006
30    | 1.0862e-02   | 4.7434e-05   | 6.3979e-02   | 3.7784e-04   | 414        | 0.1029
31    | 1.1847e-02   | 5.1648e-05   | 6.8053e-02   | 4.0180e-04   | 405        | 0.1001
32    | 1.4632e-02   | 6.3836e-05   | 8.2728e-02   | 4.8835e-04   | 405        | 0.1002
33    | 1.9378e-02   | 8.4552e-05   | 9.0385e-02   | 5.3307e-04   | 405        | 0.1006
34    | 2.1260e-02   | 9.3008e-05   | 9.5581e-02   | 5.6424e-04   | 404        | 0.1000
35    | 2.4881e-02   | 1.0908e-04   | 1.1202e-01   | 6.5926e-04   | 410        | 0.1014
36    | 2.9089e-02   | 1.2781e-04   | 1.3482e-01   | 7.9478e-04   | 402        | 0.1002
37    | 3.5450e-02   | 1.5652e-04   | 1.2980e-01   | 7.6187e-04   | 413        | 0.1023
38    | 3.2307e-02   | 1.4316e-04   | 1.4159e-01   | 8.3342e-04   | 400        | 0.0998
39    | 3.7217e-02   | 1.6518e-04   | 1.4365e-01   | 8.4208e-04   | 415        | 0.1026
40    | 3.4633e-02   | 1.5412e-04   | 1.4873e-01   | 8.7519e-04   | 396        | 0.0988
41    | 3.6648e-02   | 1.6356e-04   | 1.4187e-01   | 8.3134e-04   | 416        | 0.1031
42    | 3.3460e-02   | 1.4937e-04   | 1.4286e-01   | 8.4055e-04   | 401        | 0.0993
43    | 3.5882e-02   | 1.6023e-04   | 1.4296e-01   | 8.3794e-04   | 417        | 0.1027
44    | 3.5863e-02   | 1.6013e-04   | 1.4224e-01   | 8.3716e-04   | 401        | 0.0997
45    | 3.3603e-02   | 1.4999e-04   | 1.3733e-01   | 8.0529e-04   | 417        | 0.1030
46    | 3.3135e-02   | 1.4771e-04   | 1.4224e-01   | 8.3738e-04   | 407        | 0.1008
47    | 3.3902e-02   | 1.5108e-04   | 1.3688e-01   | 8.0264e-04   | 418        | 0.1027
48    | 3.2710e-02   | 1.4563e-04   | 1.3373e-01   | 7.8744e-04   | 407        | 0.1008
49    | 3.0197e-02   | 1.3426e-04   | 1.3329e-01   | 7.8226e-04   | 418        | 0.1031
50    | 3.0708e-02   | 1.3629e-04   | 1.3532e-01   | 7.9740e-04   | 407        | 0.1006
51    | 3.0607e-02   | 1.3586e-04   | 1.3066e-01   | 7.6706e-04   | 417        | 0.1029
52    | 2.9861e-02   | 1.3238e-04   | 1.2878e-01   | 7.5871e-04   | 408        | 0.1012
53    | 2.6863e-02   | 1.1895e-04   | 1.2845e-01   | 7.5463e-04   | 417        | 0.1024
54    | 2.6845e-02   | 1.1866e-04   | 1.2615e-01   | 7.4384e-04   | 408        | 0.1007
55    | 2.5849e-02   | 1.1431e-04   | 1.2382e-01   | 7.2790e-04   | 417        | 0.1035
56    | 2.5325e-02   | 1.1185e-04   | 1.2165e-01   | 7.1693e-04   | 409        | 0.1012
57    | 2.2294e-02   | 9.8420e-05   | 1.2014e-01   | 7.0666e-04   | 417        | 0.1027
58    | 2.1792e-02   | 9.6024e-05   | 1.1597e-01   | 6.8384e-04   | 406        | 0.0999
59    | 2.0162e-02   | 8.8918e-05   | 1.1393e-01   | 6.7071e-04   | 415        | 0.1026
60    | 1.9314e-02   | 8.5124e-05   | 1.0118e-01   | 5.9615e-04   | 406        | 0.1009
61    | 1.7118e-02   | 7.5420e-05   | 9.7914e-02   | 5.7700e-04   | 415        | 0.1023
62    | 1.7144e-02   | 7.5394e-05   | 9.8912e-02   | 5.8287e-04   | 405        | 0.1003
63    | 1.7832e-02   | 7.8504e-05   | 1.0620e-01   | 6.2591e-04   | 413        | 0.1020
64    | 2.0580e-02   | 9.0560e-05   | 9.8668e-02   | 5.8129e-04   | 402        | 0.0996
65    | 2.1071e-02   | 9.2897e-05   | 8.4232e-02   | 4.9693e-04   | 409        | 0.1011
66    | 1.8672e-02   | 8.2252e-05   | 8.7772e-02   | 5.1669e-04   | 410        | 0.1014
67    | 2.2901e-02   | 1.0083e-04   | 1.1747e-01   | 6.9281e-04   | 404        | 0.1008
68    | 2.9411e-02   | 1.2959e-04   | 1.1587e-01   | 6.8121e-04   | 411        | 0.1013
69    | 2.9871e-02   | 1.3200e-04   | 1.2816e-01   | 7.5548e-04   | 398        | 0.0982
70    | 3.2962e-02   | 1.4568e-04   | 1.3142e-01   | 7.7153e-04   | 414        | 0.1026
71    | 3.0230e-02   | 1.3385e-04   | 1.3564e-01   | 7.9934e-04   | 398        | 0.0986
72    | 3.5026e-02   | 1.5567e-04   | 1.3662e-01   | 8.0168e-04   | 415        | 0.1022
73    | 3.4167e-02   | 1.5201e-04   | 1.3964e-01   | 8.2203e-04   | 397        | 0.0987
74    | 3.5688e-02   | 1.5879e-04   | 1.4029e-01   | 8.2289e-04   | 417        | 0.1027
75    | 3.5070e-02   | 1.5617e-04   | 1.4674e-01   | 8.6382e-04   | 400        | 0.0992
76    | 3.6032e-02   | 1.6063e-04   | 1.3854e-01   | 8.1219e-04   | 418        | 0.1027
77    | 3.2748e-02   | 1.4596e-04   | 1.3918e-01   | 8.1931e-04   | 407        | 0.1011
78    | 3.2931e-02   | 1.4670e-04   | 1.3718e-01   | 8.0456e-04   | 418        | 0.1035
79    | 3.2844e-02   | 1.4616e-04   | 1.3568e-01   | 7.9919e-04   | 407        | 0.1011
80    | 3.1250e-02   | 1.3898e-04   | 1.3270e-01   | 7.7873e-04   | 418        | 0.1031
81    | 3.1629e-02   | 1.4047e-04   | 1.3612e-01   | 8.0187e-04   | 408        | 0.1017
82    | 3.0703e-02   | 1.3630e-04   | 1.3242e-01   | 7.7728e-04   | 417        | 0.1032
83    | 2.9663e-02   | 1.3152e-04   | 1.2806e-01   | 7.5466e-04   | 408        | 0.1009
84    | 2.7449e-02   | 1.2161e-04   | 1.2674e-01   | 7.4451e-04   | 417        | 0.1029
85    | 2.7815e-02   | 1.2305e-04   | 1.3050e-01   | 7.6921e-04   | 408        | 0.1010
86    | 2.6708e-02   | 1.1813e-04   | 1.2594e-01   | 7.4004e-04   | 416        | 0.1027
87    | 2.4839e-02   | 1.0971e-04   | 1.1808e-01   | 6.9604e-04   | 408        | 0.1007
88    | 2.1262e-02   | 9.3866e-05   | 1.1614e-01   | 6.8322e-04   | 415        | 0.1026
89    | 2.1615e-02   | 9.5300e-05   | 1.1421e-01   | 6.7334e-04   | 407        | 0.1008
90    | 1.9929e-02   | 8.7860e-05   | 1.1250e-01   | 6.6225e-04   | 417        | 0.1029
91    | 1.9278e-02   | 8.4843e-05   | 1.0677e-01   | 6.2940e-04   | 407        | 0.1010
92    | 1.7433e-02   | 7.6772e-05   | 1.0511e-01   | 6.1930e-04   | 413        | 0.1024
93    | 1.8111e-02   | 7.9744e-05   | 9.6387e-02   | 5.6779e-04   | 404        | 0.1001
94    | 1.8741e-02   | 8.2522e-05   | 9.6452e-02   | 5.6877e-04   | 414        | 0.1023
95    | 1.9037e-02   | 8.3781e-05   | 9.6554e-02   | 5.6847e-04   | 405        | 0.1003
96    | 2.1155e-02   | 9.3216e-05   | 1.0772e-01   | 6.3481e-04   | 410        | 0.1015
97    | 2.5340e-02   | 1.1167e-04   | 1.1330e-01   | 6.6650e-04   | 409        | 0.1012
98    | 2.6302e-02   | 1.1621e-04   | 1.1058e-01   | 6.5176e-04   | 405        | 0.1002
99    | 2.7797e-02   | 1.2302e-04   | 1.1965e-01   | 7.0293e-04   | 409        | 0.1013
100   | 3.0440e-02   | 1.3478e-04   | 1.4311e-01   | 8.4291e-04   | 403        | 0.0998
101   | 3.6399e-02   | 1.6173e-04   | 1.3469e-01   | 7.8994e-04   | 413        | 0.1016
102   | 3.3888e-02   | 1.5100e-04   | 1.4354e-01   | 8.4445e-04   | 401        | 0.0992
103   | 3.6074e-02   | 1.6070e-04   | 1.4412e-01   | 8.4458e-04   | 415        | 0.1028
104   | 3.3882e-02   | 1.5110e-04   | 1.4884e-01   | 8.7574e-04   | 399        | 0.0992
105   | 3.6464e-02   | 1.6303e-04   | 1.4085e-01   | 8.2521e-04   | 416        | 0.1026
106   | 3.4040e-02   | 1.5214e-04   | 1.3886e-01   | 8.1690e-04   | 402        | 0.0995
107   | 3.4300e-02   | 1.5315e-04   | 1.4139e-01   | 8.2900e-04   | 416        | 0.1027
108   | 3.5481e-02   | 1.5833e-04   | 1.4329e-01   | 8.4365e-04   | 401        | 0.0990
109   | 3.3965e-02   | 1.5158e-04   | 1.3540e-01   | 7.9404e-04   | 418        | 0.1028
110   | 3.2200e-02   | 1.4351e-04   | 1.3951e-01   | 8.2126e-04   | 407        | 0.1009
111   | 3.2015e-02   | 1.4256e-04   | 1.3555e-01   | 7.9507e-04   | 418        | 0.1030
112   | 3.1353e-02   | 1.3941e-04   | 1.3150e-01   | 7.7467e-04   | 407        | 0.1006
113   | 2.9261e-02   | 1.2998e-04   | 1.3002e-01   | 7.6327e-04   | 419        | 0.1032
114   | 2.9913e-02   | 1.3265e-04   | 1.3444e-01   | 7.9221e-04   | 408        | 0.1012
115   | 2.9019e-02   | 1.2866e-04   | 1.2930e-01   | 7.5929e-04   | 417        | 0.1024
116   | 2.7476e-02   | 1.2164e-04   | 1.2236e-01   | 7.2121e-04   | 408        | 0.1006
117   | 2.4104e-02   | 1.0661e-04   | 1.2129e-01   | 7.1298e-04   | 417        | 0.1038
118   | 2.4907e-02   | 1.0998e-04   | 1.2423e-01   | 7.3249e-04   | 408        | 0.1011
119   | 2.3756e-02   | 1.0489e-04   | 1.2031e-01   | 7.0753e-04   | 416        | 0.1025
120   | 2.1910e-02   | 9.6590e-05   | 1.1177e-01   | 6.5895e-04   | 407        | 0.1004
121   | 1.8359e-02   | 8.0923e-05   | 1.0894e-01   | 6.4137e-04   | 415        | 0.1027
122   | 1.8465e-02   | 8.1316e-05   | 1.0125e-01   | 5.9682e-04   | 405        | 0.1004
123   | 1.7594e-02   | 7.7465e-05   | 1.0316e-01   | 6.0794e-04   | 415        | 0.1024
124   | 1.8437e-02   | 8.1050e-05   | 1.0127e-01   | 5.9676e-04   | 405        | 0.1001
125   | 1.8321e-02   | 8.0648e-05   | 1.0265e-01   | 6.0504e-04   | 412        | 0.1025
126   | 2.0408e-02   | 8.9851e-05   | 1.0281e-01   | 6.0536e-04   | 404        | 0.0998
127   | 2.2024e-02   | 9.7083e-05   | 1.0069e-01   | 5.9376e-04   | 408        | 0.1007
128   | 2.2531e-02   | 9.9409e-05   | 1.0569e-01   | 6.2166e-04   | 408        | 0.1014
129   | 2.6390e-02   | 1.1652e-04   | 1.2567e-01   | 7.4029e-04   | 404        | 0.1000
130   | 3.1609e-02   | 1.3986e-04   | 1.2785e-01   | 7.5054e-04   | 411        | 0.1013
131   | 3.1562e-02   | 1.4002e-04   | 1.3981e-01   | 8.2317e-04   | 402        | 0.0996
132   | 3.6063e-02   | 1.6031e-04   | 1.3828e-01   | 8.1071e-04   | 414        | 0.1023
133   | 3.3697e-02   | 1.5010e-04   | 1.4614e-01   | 8.5990e-04   | 398        | 0.0983
134   | 3.6900e-02   | 1.6477e-04   | 1.4422e-01   | 8.4511e-04   | 415        | 0.1026
135   | 3.4957e-02   | 1.5623e-04   | 1.4639e-01   | 8.6093e-04   | 396        | 0.0989
136   | 3.6947e-02   | 1.6521e-04   | 1.4440e-01   | 8.4596e-04   | 417        | 0.1030
137   | 3.5894e-02   | 1.6052e-04   | 1.4824e-01   | 8.7194e-04   | 400        | 0.0993
138   | 3.6460e-02   | 1.6309e-04   | 1.4236e-01   | 8.3416e-04   | 417        | 0.1028
139   | 3.4904e-02   | 1.5605e-04   | 1.4142e-01   | 8.3212e-04   | 403        | 0.1003
140   | 3.3925e-02   | 1.5152e-04   | 1.3832e-01   | 8.1090e-04   | 418        | 0.1030
141   | 3.4091e-02   | 1.5207e-04   | 1.4174e-01   | 8.3446e-04   | 408        | 0.1004
142   | 3.3316e-02   | 1.4852e-04   | 1.3639e-01   | 7.9990e-04   | 418        | 0.1034
143   | 3.2385e-02   | 1.4418e-04   | 1.3316e-01   | 7.8410e-04   | 408        | 0.1006
144   | 3.0067e-02   | 1.3369e-04   | 1.3176e-01   | 7.7330e-04   | 418        | 0.1032
145   | 3.1249e-02   | 1.3872e-04   | 1.3651e-01   | 8.0443e-04   | 407        | 0.1012
146   | 3.0915e-02   | 1.3719e-04   | 1.3142e-01   | 7.7153e-04   | 418        | 0.1032
147   | 2.8893e-02   | 1.2807e-04   | 1.2505e-01   | 7.3680e-04   | 408        | 0.1008
148   | 2.5205e-02   | 1.1159e-04   | 1.2395e-01   | 7.2832e-04   | 417        | 0.1035
149   | 2.6508e-02   | 1.1715e-04   | 1.2828e-01   | 7.5640e-04   | 408        | 0.1015
150   | 2.6248e-02   | 1.1601e-04   | 1.2407e-01   | 7.2929e-04   | 417        | 0.1024
151   | 2.4093e-02   | 1.0634e-04   | 1.1543e-01   | 6.8040e-04   | 408        | 0.1006
152   | 2.0253e-02   | 8.9348e-05   | 1.1584e-01   | 6.8169e-04   | 415        | 0.1025
153   | 2.1307e-02   | 9.3876e-05   | 1.1460e-01   | 6.7569e-04   | 407        | 0.1008
154   | 2.0319e-02   | 8.9573e-05   | 1.1354e-01   | 6.6856e-04   | 417        | 0.1026
155   | 1.9725e-02   | 8.6812e-05   | 1.0875e-01   | 6.4093e-04   | 406        | 0.1005
156   | 1.8071e-02   | 7.9609e-05   | 1.0809e-01   | 6.3688e-04   | 414        | 0.1026
157   | 1.8853e-02   | 8.3044e-05   | 1.0039e-01   | 5.9134e-04   | 405        | 0.0999
158   | 1.8922e-02   | 8.3396e-05   | 1.0209e-01   | 6.0187e-04   | 414        | 0.1022
159   | 1.9926e-02   | 8.7746e-05   | 1.0309e-01   | 6.0690e-04   | 404        | 0.1008
160   | 2.1114e-02   | 9.3135e-05   | 1.0672e-01   | 6.2886e-04   | 410        | 0.1011
161   | 2.3624e-02   | 1.0423e-04   | 1.1095e-01   | 6.5268e-04   | 405        | 0.1000
162   | 2.4958e-02   | 1.1031e-04   | 1.1014e-01   | 6.4913e-04   | 408        | 0.1011
163   | 2.6740e-02   | 1.1836e-04   | 1.1960e-01   | 7.0272e-04   | 410        | 0.1013
164   | 3.0354e-02   | 1.3446e-04   | 1.4097e-01   | 8.3003e-04   | 403        | 0.0998
165   | 3.5203e-02   | 1.5645e-04   | 1.3373e-01   | 7.8417e-04   | 413        | 0.1019
166   | 3.2720e-02   | 1.4575e-04   | 1.4371e-01   | 8.4555e-04   | 401        | 0.0995
167   | 3.6863e-02   | 1.6433e-04   | 1.4462e-01   | 8.4733e-04   | 414        | 0.1025
168   | 3.5042e-02   | 1.5645e-04   | 1.4933e-01   | 8.7831e-04   | 397        | 0.0983
169   | 3.6210e-02   | 1.6200e-04   | 1.4271e-01   | 8.3601e-04   | 417        | 0.1033
170   | 3.4030e-02   | 1.5219e-04   | 1.4426e-01   | 8.4847e-04   | 402        | 0.0996
171   | 3.6370e-02   | 1.6264e-04   | 1.4399e-01   | 8.4366e-04   | 416        | 0.1028
172   | 3.6113e-02   | 1.6145e-04   | 1.4364e-01   | 8.4522e-04   | 400        | 0.0990
173   | 3.4071e-02   | 1.5226e-04   | 1.3840e-01   | 8.1144e-04   | 417        | 0.1044
174   | 3.3257e-02   | 1.4841e-04   | 1.4154e-01   | 8.3319e-04   | 407        | 0.1014
175   | 3.3552e-02   | 1.4964e-04   | 1.3614e-01   | 7.9828e-04   | 418        | 0.1028
176   | 3.2988e-02   | 1.4695e-04   | 1.3549e-01   | 7.9775e-04   | 407        | 0.1021
177   | 3.0602e-02   | 1.3613e-04   | 1.3376e-01   | 7.8487e-04   | 418        | 0.1037
178   | 3.0614e-02   | 1.3594e-04   | 1.3257e-01   | 7.8112e-04   | 406        | 0.1003
179   | 2.9609e-02   | 1.3144e-04   | 1.2839e-01   | 7.5380e-04   | 417        | 0.1031
180   | 2.9690e-02   | 1.3162e-04   | 1.3085e-01   | 7.7106e-04   | 408        | 0.1013
181   | 2.7239e-02   | 1.2062e-04   | 1.2715e-01   | 7.4686e-04   | 416        | 0.1024
182   | 2.5614e-02   | 1.1324e-04   | 1.1987e-01   | 7.0672e-04   | 407        | 0.1010
183   | 2.2604e-02   | 9.9893e-05   | 1.1477e-01   | 6.7482e-04   | 415        | 0.1029
184   | 2.2530e-02   | 9.9434e-05   | 1.1323e-01   | 6.6759e-04   | 406        | 0.1010
185   | 1.9216e-02   | 8.4703e-05   | 1.0814e-01   | 6.3639e-04   | 417        | 0.1033
186   | 1.7725e-02   | 7.7970e-05   | 1.0023e-01   | 5.9121e-04   | 405        | 0.1004
187   | 1.5908e-02   | 6.9969e-05   | 9.8086e-02   | 5.7795e-04   | 412        | 0.1021
188   | 1.6644e-02   | 7.3191e-05   | 8.8613e-02   | 5.2215e-04   | 404        | 0.1001
189   | 1.8548e-02   | 8.1503e-05   | 8.6910e-02   | 5.1276e-04   | 411        | 0.1018
190   | 1.8056e-02   | 7.9315e-05   | 8.5496e-02   | 5.0358e-04   | 406        | 0.1010
191   | 2.1170e-02   | 9.3073e-05   | 1.0736e-01   | 6.3280e-04   | 407        | 0.1006
192   | 2.7147e-02   | 1.1934e-04   | 1.1502e-01   | 6.7661e-04   | 410        | 0.1010
193   | 2.7615e-02   | 1.2183e-04   | 1.1423e-01   | 6.7337e-04   | 404        | 0.1006
194   | 2.9654e-02   | 1.3108e-04   | 1.2150e-01   | 7.1371e-04   | 411        | 0.1017
195   | 3.0022e-02   | 1.3284e-04   | 1.3954e-01   | 8.2227e-04   | 400        | 0.0993
196   | 3.6452e-02   | 1.6185e-04   | 1.3592e-01   | 7.9748e-04   | 414        | 0.1025
197   | 3.5037e-02   | 1.5601e-04   | 1.4506e-01   | 8.5350e-04   | 398        | 0.0989
198   | 3.5952e-02   | 1.6004e-04   | 1.4254e-01   | 8.3547e-04   | 417        | 0.1025
199   | 3.3138e-02   | 1.4765e-04   | 1.4807e-01   | 8.7135e-04   | 401        | 0.0999
200   | 3.6941e-02   | 1.6499e-04   | 1.4084e-01   | 8.2516e-04   | 417        | 0.1033
