-2.000000000000000000e+00 2.676760120656559864e-04 2.676958345732734224e-04
-1.979999999999999982e+00 3.138695139865597342e-04 3.146267560637393181e-04
-1.959999999999999964e+00 3.674463563882013448e-04 3.852916104064656698e-04
-1.939999999999999947e+00 4.294809295764280815e-04 4.659389661327163062e-04
-1.919999999999999929e+00 5.011860247163859835e-04 5.579532349285974387e-04
-1.899999999999999911e+00 5.839277964603905137e-04 6.628678216884383544e-04
-1.879999999999999893e+00 6.792419106427115445e-04 7.823812637816937154e-04
-1.859999999999999876e+00 7.888509074014388297e-04 9.183741064565499688e-04
-1.840000000000000080e+00 9.146828004396014228e-04 1.072926591973649441e-03
-1.820000000000000062e+00 1.058890921612999072e-03 1.248337210086888612e-03
-1.800000000000000044e+00 1.223875006501768227e-03 1.447142132930501462e-03
-1.780000000000000027e+00 1.412303500971279820e-03 1.672135535477157348e-03
-1.760000000000000009e+00 1.627137050857892188e-03 1.926390781899733591e-03
-1.739999999999999991e+00 1.871653116751652648e-03 2.213282437423454239e-03
-1.719999999999999973e+00 2.149471633343893410e-03 2.536509043980685572e-03
-1.699999999999999956e+00 2.464581607948386054e-03 2.900116575787902058e-03
-1.679999999999999938e+00 2.821368525614151909e-03 3.308522467612841182e-03
-1.659999999999999920e+00 3.224642398793314563e-03 3.766540083857276237e-03
-1.640000000000000124e+00 3.679666267924899987e-03 4.279403470598814457e-03
-1.620000000000000107e+00 4.192184925715262966e-03 4.852792205436017026e-03
-1.600000000000000089e+00 4.768453602566761866e-03 5.492856131450665411e-03
-1.580000000000000071e+00 5.415266313820396929e-03 6.206239731984464908e-03
-1.560000000000000053e+00 6.139983531593406346e-03 7.000105872427766704e-03
-1.540000000000000036e+00 6.950558805437304435e-03 7.882158604095280963e-03
-1.520000000000000018e+00 7.855563917313701863e-03 8.860664693835416938e-03
-1.500000000000000000e+00 8.864212118054574582e-03 9.944473511659744636e-03
-1.479999999999999982e+00 9.986378955180532507e-03 1.114303487781760985e-02
-1.459999999999999964e+00 1.123262016640364999e-02 1.246641444086362023e-02
-1.439999999999999947e+00 1.261418608011204666e-02 1.392530612991203960e-02
-1.419999999999999929e+00 1.414303193445174897e-02 1.553104119803116155e-02
-1.399999999999999911e+00 1.583182350116598552e-02 1.729559335023942920e-02
-1.379999999999999893e+00 1.769393738004244529e-02 1.923157942950036794e-02
-1.359999999999999876e+00 1.974345531560059083e-02 2.135225511818773445e-02
-1.339999999999999858e+00 2.199515188048330877e-02 2.367150510144466757e-02
-1.319999999999999840e+00 2.446447487085639388e-02 2.620382713344626691e-02
-1.299999999999999822e+00 2.716751776890035872e-02 2.896430944855631420e-02
-1.280000000000000027e+00 3.012098364709569001e-02 3.196860096750035740e-02
-1.260000000000000009e+00 3.334213991928653559e-02 3.523287376469386167e-02
-1.239999999999999991e+00 3.684876338520461092e-02 3.877377728746456143e-02
-1.219999999999999973e+00 4.065907506888488676e-02 4.260838385173823517e-02
-1.199999999999999956e+00 4.479166441770966040e-02 4.675412498239435444e-02
-1.179999999999999938e+00 4.926540250803045778e-02 5.122871822043036094e-02
-1.160000000000000142e+00 5.409934399560629992e-02 5.605008408368396949e-02
-1.140000000000000124e+00 5.931261765443181927e-02 6.123625294340762082e-02
-1.120000000000000107e+00 6.492430546565325367e-02 6.680526166558167778e-02
-1.100000000000000089e+00 7.095331034869685471e-02 7.277503996344482362e-02
-1.080000000000000071e+00 7.741821276870662627e-02 7.916328651608287026e-02
-1.060000000000000053e+00 8.433711660689761913e-02 8.598733502662977979e-02
-1.040000000000000036e+00 9.172748484218604115e-02 9.326401052207006215e-02
-1.020000000000000018e+00 9.960596576189262308e-02 1.010094763339390717e-01
-1.000000000000000000e+00 1.079882105945944165e-01 1.092390723443301404e-01
-9.799999999999999822e-01 1.168886836372190347e-01 1.179671452332259618e-01
-9.599999999999999645e-01 1.263204661288800934e-01 1.272068716197476967e-01
-9.399999999999999467e-01 1.362950553031644640e-01 1.369700751496951696e-01
-9.199999999999999289e-01 1.468221602258146519e-01 1.472670387427601202e-01
-8.999999999999999112e-01 1.579094961930530838e-01 1.581063133728450032e-01
-8.799999999999998934e-01 1.695625796240919636e-01 1.694945249116488750e-01
-8.599999999999998757e-01 1.817845255264962934e-01 1.814361807165534302e-01
-8.400000000000000799e-01 1.945758497418356991e-01 1.939334777862007086e-01
-8.200000000000000622e-01 2.079342782882955543e-01 2.069861144382325602e-01
-8.000000000000000444e-01 2.218545662035408261e-01 2.205911075806474830e-01
-7.800000000000000266e-01 2.363283283522084610e-01 2.347426177482902221e-01
-7.600000000000000089e-01 2.513438846952023020e-01 2.494317841563218341e-01
-7.399999999999999911e-01 2.668861225200486742e-01 2.646465720804176414e-01
-7.199999999999999734e-01 2.829363781008163437e-01 2.803716349063306579e-01
-6.999999999999999556e-01 2.994723401908031546e-01 2.965881931969676089e-01
-6.799999999999999378e-01 3.164679776500922692e-01 3.132739331011290540e-01
-6.599999999999999201e-01 3.338934933724401199e-01 3.304029263727571442e-01
-6.399999999999999023e-01 3.517153065015753977e-01 3.479455741814651559e-01
-6.199999999999998845e-01 3.698960647162869986e-01 3.658685767732655081e-01
-5.999999999999998668e-01 3.883946881176599253e-01 3.841349308842053056e-01
-5.800000000000000711e-01 4.071664459721560658e-01 4.027039566190012687e-01
-5.600000000000000533e-01 4.261630672532321085e-01 4.215313552822415044e-01
-5.400000000000000355e-01 4.453328855847648038e-01 4.405692993923409628e-01
-5.200000000000000178e-01 4.646210188253006579e-01 4.597665558198609781e-01
-5.000000000000000000e-01 4.839695831471589327e-01 4.790686426742968851e-01
-4.799999999999999822e-01 5.033179410634116557e-01 4.984180202198407184e-01
-4.599999999999999645e-01 5.226029824438734872e-01 5.177543157343994507e-01
-4.399999999999999467e-01 5.417594371440350720e-01 5.370145818412908056e-01
-4.199999999999999289e-01 5.607202174542528228e-01 5.561335874440648253e-01
-3.999999999999999112e-01 5.794167881666033582e-01 5.750441399868395642e-01
-3.799999999999998934e-01 5.977795616598773343e-01 5.936774373507768265e-01
-3.599999999999998757e-01 6.157383150255224535e-01 6.119634472876214204e-01
-3.399999999999998579e-01 6.332226259051672024e-01 6.298313118896066154e-01
-3.200000000000000622e-01 6.501623233896570708e-01 6.472097742076288185e-01
-3.000000000000000444e-01 6.664879500460521022e-01 6.640276237626685507e-01
-2.800000000000000266e-01 6.821312308980069794e-01 6.802141573551595544e-01
-2.600000000000000089e-01 6.970255449911810786e-01 6.956996512694039181e-01
-2.399999999999999911e-01 7.111063950328827543e-01 7.104158407009687481e-01
-2.199999999999999734e-01 7.243118705074749197e-01 7.242964020096424038e-01
-1.999999999999999556e-01 7.365830996387519036e-01 7.372774332238538619e-01
-1.799999999999999378e-01 7.478646855992621134e-01 7.492979280987693835e-01
-1.599999999999999201e-01 7.581051224552526335e-01 7.603002389631254854e-01
-1.399999999999999023e-01 7.672571864843856781e-01 7.702305235820643414e-01
-1.199999999999998845e-01 7.752782987105715229e-01 7.790391713167241772e-01
-9.999999999999986677e-02 7.821308547640887232e-01 7.866812039771080567e-01
-8.000000000000007105e-02 7.877825184926466884e-01 7.931166469428623245e-01
-6.000000000000005329e-02 7.922064761162819213e-01 7.983108663660420934e-01
-4.000000000000003553e-02 7.953816481312152575e-01 8.022348685687817893e-01
-2.000000000000001776e-02 7.972928566195363054e-01 8.048655581039898532e-01
0.000000000000000000e+00 7.979309461065952069e-01 8.061859513548241818e-01
2.000000000000001776e-02 7.972928566195363054e-01 8.048655581039946272e-01
4.000000000000003553e-02 7.953816481312152575e-01 8.022348685687895609e-01
6.000000000000005329e-02 7.922064761162819213e-01 7.983108663660531956e-01
8.000000000000007105e-02 7.877825184926466884e-01 7.931166469428765353e-01
1.000000000000000888e-01 7.821308547640886122e-01 7.866812039771253762e-01
1.200000000000001066e-01 7.752782987105714119e-01 7.790391713167438281e-01
1.400000000000001243e-01 7.672571864843855671e-01 7.702305235820863238e-01
1.600000000000001421e-01 7.581051224552525225e-01 7.603002389631496882e-01
1.800000000000001599e-01 7.478646855992620024e-01 7.492979280987960289e-01
2.000000000000001776e-01 7.365830996387516816e-01 7.372774332238827277e-01
2.200000000000001954e-01 7.243118705074748087e-01 7.242964020096734901e-01
2.400000000000002132e-01 7.111063950328826433e-01 7.104158407010019438e-01
2.600000000000002309e-01 6.970255449911810786e-01 6.956996512694386681e-01
2.800000000000002487e-01 6.821312308980067574e-01 6.802141573551960807e-01
3.000000000000002665e-01 6.664879500460518802e-01 6.640276237627065203e-01
3.199999999999998401e-01 6.501623233896571818e-01 6.472097742076682314e-01
3.399999999999998579e-01 6.332226259051672024e-01 6.298313118896472496e-01
3.599999999999998757e-01 6.157383150255224535e-01 6.119634472876631648e-01
3.799999999999998934e-01 5.977795616598773343e-01 5.936774373508196811e-01
3.999999999999999112e-01 5.794167881666033582e-01 5.750441399868833070e-01
4.199999999999999289e-01 5.607202174542528228e-01 5.561335874441091232e-01
4.399999999999999467e-01 5.417594371440350720e-01 5.370145818413357697e-01
4.599999999999999645e-01 5.226029824438734872e-01 5.177543157344448588e-01
4.799999999999999822e-01 5.033179410634116557e-01 4.984180202198862930e-01
5.000000000000000000e-01 4.839695831471589327e-01 4.790686426743427928e-01
5.200000000000000178e-01 4.646210188253006579e-01 4.597665558199070523e-01
5.400000000000000355e-01 4.453328855847648038e-01 4.405692993923870371e-01
5.600000000000000533e-01 4.261630672532321085e-01 4.215313552822872456e-01
5.800000000000000711e-01 4.071664459721560658e-01 4.027039566190466213e-01
6.000000000000000888e-01 3.883946881176597032e-01 3.841349308842503252e-01
6.200000000000001066e-01 3.698960647162867765e-01 3.658685767733098615e-01
6.400000000000001243e-01 3.517153065015751756e-01 3.479455741815088432e-01
6.600000000000001421e-01 3.338934933724398979e-01 3.304029263728001653e-01
6.800000000000001599e-01 3.164679776500921027e-01 3.132739331011711870e-01
7.000000000000001776e-01 2.994723401908029881e-01 2.965881931970085206e-01
7.200000000000001954e-01 2.829363781008161771e-01 2.803716349063702928e-01
7.400000000000002132e-01 2.668861225200484522e-01 2.646465720804560551e-01
7.600000000000002309e-01 2.513438846952020800e-01 2.494317841563589710e-01
7.800000000000002487e-01 2.363283283522083500e-01 2.347426177483260268e-01
8.000000000000002665e-01 2.218545662035406596e-01 2.205911075806819555e-01
8.199999999999998401e-01 2.079342782882956930e-01 2.069861144382656726e-01
8.399999999999998579e-01 1.945758497418358379e-01 1.939334777862324888e-01
8.599999999999998757e-01 1.817845255264962934e-01 1.814361807165837670e-01
8.799999999999998934e-01 1.695625796240919636e-01 1.694945249116778241e-01
8.999999999999999112e-01 1.579094961930530838e-01 1.581063133728725645e-01
9.199999999999999289e-01 1.468221602258146519e-01 1.472670387427862937e-01
9.399999999999999467e-01 1.362950553031644640e-01 1.369700751497199831e-01
9.599999999999999645e-01 1.263204661288800934e-01 1.272068716197711502e-01
9.799999999999999822e-01 1.168886836372190347e-01 1.179671452332481385e-01
1.000000000000000000e+00 1.079882105945944165e-01 1.092390723443510125e-01
1.020000000000000018e+00 9.960596576189262308e-02 1.010094763339587365e-01
1.040000000000000036e+00 9.172748484218604115e-02 9.326401052208856124e-02
1.060000000000000053e+00 8.433711660689761913e-02 8.598733502664715478e-02
1.080000000000000071e+00 7.741821276870662627e-02 7.916328651609913503e-02
1.100000000000000089e+00 7.095331034869685471e-02 7.277503996346004755e-02
1.120000000000000107e+00 6.492430546565325367e-02 6.680526166559587475e-02
1.140000000000000124e+00 5.931261765443181927e-02 6.123625294342086023e-02
1.160000000000000142e+00 5.409934399560629992e-02 5.605008408369627909e-02
1.180000000000000160e+00 4.926540250803041615e-02 5.122871822044177542e-02
1.200000000000000178e+00 4.479166441770962570e-02 4.675412498240491543e-02
1.220000000000000195e+00 4.065907506888485207e-02 4.260838385174799126e-02
1.240000000000000213e+00 3.684876338520457623e-02 3.877377728747354035e-02
1.260000000000000231e+00 3.334213991928650783e-02 3.523287376470212590e-02
1.280000000000000249e+00 3.012098364709565185e-02 3.196860096750795549e-02
1.300000000000000266e+00 2.716751776890029627e-02 2.896430944856328432e-02
1.320000000000000284e+00 2.446447487085632796e-02 2.620382713345265069e-02
1.339999999999999858e+00 2.199515188048330877e-02 2.367150510145051012e-02
1.359999999999999876e+00 1.974345531560059083e-02 2.135225511819307392e-02
1.379999999999999893e+00 1.769393738004244529e-02 1.923157942950523211e-02
1.399999999999999911e+00 1.583182350116598552e-02 1.729559335024384928e-02
1.419999999999999929e+00 1.414303193445174897e-02 1.553104119803516356e-02
1.439999999999999947e+00 1.261418608011204666e-02 1.392530612991565823e-02
1.459999999999999964e+00 1.123262016640364999e-02 1.246641444086687978e-02
1.479999999999999982e+00 9.986378955180532507e-03 1.114303487782053806e-02
1.500000000000000000e+00 8.864212118054574582e-03 9.944473511662377946e-03
1.520000000000000018e+00 7.855563917313701863e-03 8.860664693837777897e-03
1.540000000000000036e+00 6.950558805437304435e-03 7.882158604097393856e-03
1.560000000000000053e+00 6.139983531593406346e-03 7.000105872429648879e-03
1.580000000000000071e+00 5.415266313820396929e-03 6.206239731986135447e-03
1.600000000000000089e+00 4.768453602566761866e-03 5.492856131452145130e-03
1.620000000000000107e+00 4.192184925715262966e-03 4.852792205437325007e-03
1.640000000000000124e+00 3.679666267924899987e-03 4.279403470599966314e-03
1.660000000000000142e+00 3.224642398793311961e-03 3.766540083858286279e-03
1.680000000000000160e+00 2.821368525614147138e-03 3.308522467613721988e-03
1.700000000000000178e+00 2.464581607948381284e-03 2.900116575788666638e-03
1.720000000000000195e+00 2.149471633343889507e-03 2.536509043981345201e-03
1.740000000000000213e+00 1.871653116751649179e-03 2.213282437424020192e-03
1.760000000000000231e+00 1.627137050857889152e-03 1.926390781900215628e-03
1.780000000000000249e+00 1.412303500971277435e-03 1.672135535477564140e-03
1.800000000000000266e+00 1.223875006501766276e-03 1.447142132930841684e-03
1.820000000000000284e+00 1.058890921612997121e-03 1.248337210087169637e-03
1.839999999999999858e+00 9.146828004396031575e-04 1.072926591973878208e-03
1.859999999999999876e+00 7.888509074014388297e-04 9.183741064567323316e-04
1.879999999999999893e+00 6.792419106427115445e-04 7.823812637818357459e-04
1.899999999999999911e+00 5.839277964603905137e-04 6.628678216885457988e-04
1.919999999999999929e+00 5.011860247163859835e-04 5.579532349286744171e-04
1.939999999999999947e+00 4.294809295764280815e-04 4.659389661327672637e-04
1.959999999999999964e+00 3.674463563882013448e-04 3.852916104064945096e-04
1.979999999999999982e+00 3.138695139865597342e-04 3.146267560637498891e-04
2.000000000000000000e+00 2.676760120656559864e-04 2.676958345732734224e-04
