======================================================================================================================
   TRAFFIC LIGHT MFG EXAMPLE (NEWTON TYPE 2: NEWTON-PICARD)
======================================================================================================================
Parameters:
  xmin = 0.0, xmax = 1.0
  T    = 1.0, Nx = 200, Nt = 100
  nu   = 0.02, beta = 2, penalty = 150.0
Solver Parameters:
  PICARD_MAX_ITER = 200, PICARD_TOL = 1e-06
  DAMPING = 0.1
  NEWTON_MAX_ITER = 20, NEWTON_TOL = 1e-09
Grid Info:
  dt = 0.010000, dx = 0.005000
----------------------------------------------------------------------------------------------------------------------
Iter  | Abs Err U    | Rel Err U    | Abs Err M    | Rel Err M    | Newton It  | Time (s)  
----------------------------------------------------------------------------------------------------------------------
1     | 9.6034e-02   | 7.0711e-03   | 2.1839e-01   | 7.6921e-04   | 395        | 0.1760
2     | 8.6742e-02   | 3.3562e-03   | 2.2361e-01   | 8.4980e-04   | 396        | 0.1711
3     | 8.0341e-02   | 2.1606e-03   | 2.0559e-01   | 8.4255e-04   | 410        | 0.1791
4     | 7.6162e-02   | 1.5909e-03   | 1.8284e-01   | 8.0716e-04   | 418        | 0.2273
5     | 7.1946e-02   | 1.2423e-03   | 1.6760e-01   | 7.9614e-04   | 442        | 0.1835
6     | 6.6140e-02   | 9.8539e-04   | 1.5950e-01   | 8.1298e-04   | 448        | 0.2308
7     | 5.9952e-02   | 7.9477e-04   | 1.4982e-01   | 8.1530e-04   | 436        | 0.2476
8     | 5.4995e-02   | 6.6316e-04   | 1.3982e-01   | 8.0727e-04   | 427        | 0.1913
9     | 5.2908e-02   | 5.8951e-04   | 1.3292e-01   | 8.0818e-04   | 432        | 0.2771
10    | 5.5502e-02   | 5.7794e-04   | 1.2188e-01   | 7.7262e-04   | 460        | 0.1933
11    | 5.6589e-02   | 5.5592e-04   | 1.0290e-01   | 6.7208e-04   | 474        | 0.1905
12    | 5.5733e-02   | 5.2005e-04   | 8.2256e-02   | 5.4804e-04   | 474        | 0.1959
13    | 5.6327e-02   | 5.0052e-04   | 7.0412e-02   | 4.7540e-04   | 470        | 0.2387
14    | 5.8225e-02   | 4.9216e-04   | 7.9328e-02   | 5.3973e-04   | 468        | 0.1965
15    | 5.8300e-02   | 4.6835e-04   | 8.7624e-02   | 5.9736e-04   | 468        | 0.1962
16    | 5.4486e-02   | 4.1702e-04   | 9.0327e-02   | 6.1466e-04   | 466        | 0.1791
17    | 5.0175e-02   | 3.6728e-04   | 9.4534e-02   | 6.4059e-04   | 463        | 0.1868
18    | 4.6121e-02   | 3.2420e-04   | 9.7456e-02   | 6.5661e-04   | 449        | 0.1753
19    | 4.1441e-02   | 2.8099e-04   | 9.6319e-02   | 6.4482e-04   | 442        | 0.1723
20    | 3.6324e-02   | 2.3869e-04   | 9.0979e-02   | 6.0544e-04   | 440        | 0.1803
21    | 3.1584e-02   | 2.0200e-04   | 8.3118e-02   | 5.5058e-04   | 440        | 0.2181
22    | 2.7690e-02   | 1.7301e-04   | 7.4571e-02   | 4.9265e-04   | 444        | 0.1772
23    | 2.4745e-02   | 1.5147e-04   | 6.6340e-02   | 4.3814e-04   | 442        | 0.1833
24    | 2.2701e-02   | 1.3643e-04   | 5.9494e-02   | 3.9390e-04   | 443        | 0.1852
25    | 2.1321e-02   | 1.2599e-04   | 5.7674e-02   | 3.8387e-04   | 444        | 0.1899
26    | 2.0054e-02   | 1.1667e-04   | 6.0762e-02   | 4.0721e-04   | 442        | 0.1859
27    | 1.8873e-02   | 1.0820e-04   | 6.1358e-02   | 4.1403e-04   | 434        | 0.2315
28    | 1.9205e-02   | 1.0856e-04   | 5.5829e-02   | 3.7901e-04   | 430        | 0.1959
29    | 2.2190e-02   | 1.2365e-04   | 4.9213e-02   | 3.3582e-04   | 425        | 0.1617
30    | 2.6611e-02   | 1.4610e-04   | 4.4315e-02   | 3.0365e-04   | 435        | 0.1717
31    | 2.8134e-02   | 1.5218e-04   | 4.2570e-02   | 2.9263e-04   | 439        | 0.2441
32    | 2.7198e-02   | 1.4495e-04   | 4.7918e-02   | 3.3016e-04   | 435        | 0.1952
33    | 2.5200e-02   | 1.3230e-04   | 5.4309e-02   | 3.7453e-04   | 428        | 0.1721
34    | 2.2392e-02   | 1.1588e-04   | 5.0095e-02   | 3.4532e-04   | 434        | 0.2136
35    | 1.9620e-02   | 1.0023e-04   | 4.2118e-02   | 2.9013e-04   | 449        | 0.1832
36    | 1.7509e-02   | 8.8416e-05   | 3.6282e-02   | 2.4986e-04   | 452        | 0.1887
37    | 1.6141e-02   | 8.0657e-05   | 3.3088e-02   | 2.2794e-04   | 447        | 0.1864
38    | 1.5522e-02   | 7.6786e-05   | 3.1651e-02   | 2.1819e-04   | 436        | 0.1920
39    | 1.5411e-02   | 7.5490e-05   | 3.1018e-02   | 2.1398e-04   | 432        | 0.2775
40    | 1.4871e-02   | 7.2160e-05   | 3.0073e-02   | 2.0759e-04   | 428        | 0.1668
41    | 1.3600e-02   | 6.5433e-05   | 2.7318e-02   | 1.8867e-04   | 425        | 0.1819
42    | 1.1976e-02   | 5.7192e-05   | 2.0892e-02   | 1.4433e-04   | 419        | 0.2189
43    | 1.0713e-02   | 5.0844e-05   | 1.2449e-02   | 8.6005e-05   | 411        | 0.2316
44    | 1.0222e-02   | 4.8226e-05   | 1.4559e-02   | 1.0059e-04   | 412        | 0.1799
45    | 1.0185e-02   | 4.7764e-05   | 1.9268e-02   | 1.3315e-04   | 415        | 0.2163
46    | 1.0086e-02   | 4.7014e-05   | 1.8512e-02   | 1.2796e-04   | 418        | 0.2489
47    | 9.4608e-03   | 4.3851e-05   | 1.6468e-02   | 1.1388e-04   | 420        | 0.1751
48    | 8.6186e-03   | 3.9741e-05   | 1.6463e-02   | 1.1388e-04   | 420        | 0.2321
49    | 7.7180e-03   | 3.5424e-05   | 1.5849e-02   | 1.0966e-04   | 417        | 0.1832
50    | 6.7580e-03   | 3.0895e-05   | 1.3324e-02   | 9.2195e-05   | 416        | 0.1945
51    | 5.8279e-03   | 2.6554e-05   | 9.7957e-03   | 6.7777e-05   | 418        | 0.1701
52    | 5.0728e-03   | 2.3048e-05   | 7.2760e-03   | 5.0336e-05   | 417        | 0.2172
53    | 4.5861e-03   | 2.0782e-05   | 6.5903e-03   | 4.5585e-05   | 417        | 0.1790
54    | 4.4206e-03   | 1.9979e-05   | 7.7356e-03   | 5.3500e-05   | 419        | 0.1824
55    | 4.4283e-03   | 1.9961e-05   | 7.2367e-03   | 5.0046e-05   | 418        | 0.1894
56    | 4.3958e-03   | 1.9764e-05   | 5.6150e-03   | 3.8833e-05   | 418        | 0.1856
57    | 4.2877e-03   | 1.9231e-05   | 5.1385e-03   | 3.5541e-05   | 418        | 0.2379
58    | 4.1394e-03   | 1.8522e-05   | 6.1593e-03   | 4.2608e-05   | 418        | 0.1725
59    | 3.9625e-03   | 1.7693e-05   | 6.4141e-03   | 4.4376e-05   | 417        | 0.2043
60    | 3.7281e-03   | 1.6614e-05   | 5.2515e-03   | 3.6334e-05   | 416        | 0.1937
61    | 3.3908e-03   | 1.5085e-05   | 3.7462e-03   | 2.5919e-05   | 416        | 0.1659
62    | 2.9371e-03   | 1.3047e-05   | 3.0613e-03   | 2.1179e-05   | 416        | 0.1769
63    | 2.4306e-03   | 1.0783e-05   | 2.8528e-03   | 1.9736e-05   | 416        | 0.2149
64    | 1.9909e-03   | 8.8226e-06   | 2.7186e-03   | 1.8806e-05   | 417        | 0.1798
65    | 1.6965e-03   | 7.5104e-06   | 2.3515e-03   | 1.6266e-05   | 416        | 0.1946
66    | 1.5198e-03   | 6.7222e-06   | 2.0310e-03   | 1.4049e-05   | 416        | 0.2603
67    | 1.3909e-03   | 6.1472e-06   | 2.0166e-03   | 1.3949e-05   | 416        | 0.1499
68    | 1.2845e-03   | 5.6729e-06   | 1.9936e-03   | 1.3790e-05   | 416        | 0.1671
69    | 1.2053e-03   | 5.3194e-06   | 1.7469e-03   | 1.2084e-05   | 415        | 0.1668
70    | 1.1422e-03   | 5.0379e-06   | 1.3564e-03   | 9.3829e-06   | 413        | 0.1696
71    | 1.0711e-03   | 4.7216e-06   | 1.0434e-03   | 7.2178e-06   | 412        | 0.2171
72    | 9.8152e-04   | 4.3242e-06   | 9.2986e-04   | 6.4325e-06   | 411        | 0.1730
73    | 8.8406e-04   | 3.8929e-06   | 9.3702e-04   | 6.4820e-06   | 411        | 0.2224
74    | 7.9429e-04   | 3.4961e-06   | 8.8242e-04   | 6.1042e-06   | 412        | 0.1940
75    | 7.1419e-04   | 3.1422e-06   | 8.1605e-04   | 5.6451e-06   | 413        | 0.1724
76    | 6.3403e-04   | 2.7885e-06   | 8.1190e-04   | 5.6164e-06   | 414        | 0.1645
77    | 5.5063e-04   | 2.4210e-06   | 7.9749e-04   | 5.5167e-06   | 414        | 0.1790
78    | 4.7575e-04   | 2.0911e-06   | 7.1663e-04   | 4.9573e-06   | 414        | 0.1885
79    | 4.2318e-04   | 1.8597e-06   | 5.7725e-04   | 3.9931e-06   | 413        | 0.2076
80    | 3.9124e-04   | 1.7189e-06   | 4.5610e-04   | 3.1550e-06   | 412        | 0.1698
81    | 3.6625e-04   | 1.6089e-06   | 4.0865e-04   | 2.8267e-06   | 412        | 0.1661
82    | 3.3691e-04   | 1.4797e-06   | 3.9106e-04   | 2.7050e-06   | 411        | 0.1732
83    | 3.0023e-04   | 1.3184e-06   | 3.7432e-04   | 2.5892e-06   | 411        | 0.1772
84    | 2.5959e-04   | 1.1398e-06   | 3.6651e-04   | 2.5352e-06   | 412        | 0.2319
85    | 2.2033e-04   | 9.6732e-07   | 3.7000e-04   | 2.5593e-06   | 412        | 0.2883
86    | 1.8674e-04   | 8.1977e-07   | 3.6840e-04   | 2.5482e-06   | 412        | 0.1843
87    | 1.6099e-04   | 7.0668e-07   | 3.4228e-04   | 2.3676e-06   | 412        | 0.2028
88    | 1.4307e-04   | 6.2794e-07   | 2.9458e-04   | 2.0376e-06   | 412        | 0.1710
89    | 1.3136e-04   | 5.7651e-07   | 2.6842e-04   | 1.8567e-06   | 412        | 0.1867
90    | 1.2403e-04   | 5.4431e-07   | 2.5564e-04   | 1.7683e-06   | 412        | 0.1816
91    | 1.1999e-04   | 5.2654e-07   | 2.4577e-04   | 1.7000e-06   | 412        | 0.1777
92    | 1.1843e-04   | 5.1964e-07   | 2.3669e-04   | 1.6372e-06   | 412        | 0.2106
93    | 1.1783e-04   | 5.1698e-07   | 2.2768e-04   | 1.5749e-06   | 412        | 0.1778
94    | 1.1612e-04   | 5.0946e-07   | 2.1872e-04   | 1.5129e-06   | 413        | 0.2381
95    | 1.1183e-04   | 4.9062e-07   | 2.0994e-04   | 1.4522e-06   | 413        | 0.1799
96    | 1.0471e-04   | 4.5933e-07   | 2.0162e-04   | 1.3947e-06   | 413        | 0.2298
97    | 9.5176e-05   | 4.1750e-07   | 1.9393e-04   | 1.3414e-06   | 413        | 0.1755
98    | 8.3671e-05   | 3.6702e-07   | 1.8659e-04   | 1.2907e-06   | 413        | 0.1976
99    | 7.0623e-05   | 3.0977e-07   | 1.7958e-04   | 1.2422e-06   | 413        | 0.1768
100   | 5.6925e-05   | 2.4968e-07   | 1.7286e-04   | 1.1957e-06   | 413        | 0.2216
101   | 4.4099e-05   | 1.9342e-07   | 1.6636e-04   | 1.1507e-06   | 413        | 0.1791
102   | 3.3874e-05   | 1.4857e-07   | 1.5998e-04   | 1.1066e-06   | 413        | 0.1777
103   | 2.7219e-05   | 1.1938e-07   | 1.5373e-04   | 1.0633e-06   | 413        | 0.1782
104   | 2.3468e-05   | 1.0293e-07   | 1.4766e-04   | 1.0214e-06   | 413        | 0.1804
105   | 2.1118e-05   | 9.2621e-08   | 1.4190e-04   | 9.8154e-07   | 413        | 0.2328
----------------------------------------------------------------------------------------------------------------------
CONVERGED at nu=0.02 in 105 iterations.
Total Execution Time: 20.5393 seconds.
