x u_star u_num
-2.000000e+00 7.271561e+00 7.271561e+00
-1.980000e+00 7.172061e+00 7.172219e+00
-1.960000e+00 7.073561e+00 7.074022e+00
-1.940000e+00 6.976061e+00 6.976929e+00
-1.920000e+00 6.879561e+00 6.880911e+00
-1.900000e+00 6.784061e+00 6.785943e+00
-1.880000e+00 6.689561e+00 6.692009e+00
-1.860000e+00 6.596061e+00 6.599093e+00
-1.840000e+00 6.503561e+00 6.507185e+00
-1.820000e+00 6.412061e+00 6.416276e+00
-1.800000e+00 6.321561e+00 6.326358e+00
-1.780000e+00 6.232061e+00 6.237426e+00
-1.760000e+00 6.143561e+00 6.149475e+00
-1.740000e+00 6.056061e+00 6.062502e+00
-1.720000e+00 5.969561e+00 5.976502e+00
-1.700000e+00 5.884061e+00 5.891474e+00
-1.680000e+00 5.799561e+00 5.807417e+00
-1.660000e+00 5.716061e+00 5.724328e+00
-1.640000e+00 5.633561e+00 5.642206e+00
-1.620000e+00 5.552061e+00 5.561051e+00
-1.600000e+00 5.471561e+00 5.480862e+00
-1.580000e+00 5.392061e+00 5.401639e+00
-1.560000e+00 5.313561e+00 5.323382e+00
-1.540000e+00 5.236061e+00 5.246091e+00
-1.520000e+00 5.159561e+00 5.169765e+00
-1.500000e+00 5.084061e+00 5.094406e+00
-1.480000e+00 5.009561e+00 5.020013e+00
-1.460000e+00 4.936061e+00 4.946588e+00
-1.440000e+00 4.863561e+00 4.874130e+00
-1.420000e+00 4.792061e+00 4.802640e+00
-1.400000e+00 4.721561e+00 4.732120e+00
-1.380000e+00 4.652061e+00 4.662569e+00
-1.360000e+00 4.583561e+00 4.593989e+00
-1.340000e+00 4.516061e+00 4.526381e+00
-1.320000e+00 4.449561e+00 4.459745e+00
-1.300000e+00 4.384061e+00 4.394083e+00
-1.280000e+00 4.319561e+00 4.329395e+00
-1.260000e+00 4.256061e+00 4.265682e+00
-1.240000e+00 4.193561e+00 4.202946e+00
-1.220000e+00 4.132061e+00 4.141188e+00
-1.200000e+00 4.071561e+00 4.080408e+00
-1.180000e+00 4.012061e+00 4.020609e+00
-1.160000e+00 3.953561e+00 3.961791e+00
-1.140000e+00 3.896061e+00 3.903955e+00
-1.120000e+00 3.839561e+00 3.847103e+00
-1.100000e+00 3.784061e+00 3.791236e+00
-1.080000e+00 3.729561e+00 3.736356e+00
-1.060000e+00 3.676061e+00 3.682463e+00
-1.040000e+00 3.623561e+00 3.629559e+00
-1.020000e+00 3.572061e+00 3.577645e+00
-1.000000e+00 3.521561e+00 3.526724e+00
-9.800000e-01 3.472061e+00 3.476795e+00
-9.600000e-01 3.423561e+00 3.427861e+00
-9.400000e-01 3.376061e+00 3.379923e+00
-9.200000e-01 3.329561e+00 3.332982e+00
-9.000000e-01 3.284061e+00 3.287041e+00
-8.800000e-01 3.239561e+00 3.242099e+00
-8.600000e-01 3.196061e+00 3.198159e+00
-8.400000e-01 3.153561e+00 3.155222e+00
-8.200000e-01 3.112061e+00 3.113289e+00
-8.000000e-01 3.071561e+00 3.072362e+00
-7.800000e-01 3.032061e+00 3.032442e+00
-7.600000e-01 2.993561e+00 2.993531e+00
-7.400000e-01 2.956061e+00 2.955628e+00
-7.200000e-01 2.919561e+00 2.918737e+00
-7.000000e-01 2.884061e+00 2.882857e+00
-6.800000e-01 2.849561e+00 2.847990e+00
-6.600000e-01 2.816061e+00 2.814136e+00
-6.400000e-01 2.783561e+00 2.781298e+00
-6.200000e-01 2.752061e+00 2.749475e+00
-6.000000e-01 2.721561e+00 2.718668e+00
-5.800000e-01 2.692061e+00 2.688878e+00
-5.600000e-01 2.663561e+00 2.660106e+00
-5.400000e-01 2.636061e+00 2.632352e+00
-5.200000e-01 2.609561e+00 2.605616e+00
-5.000000e-01 2.584061e+00 2.579899e+00
-4.800000e-01 2.559561e+00 2.555200e+00
-4.600000e-01 2.536061e+00 2.531521e+00
-4.400000e-01 2.513561e+00 2.508860e+00
-4.200000e-01 2.492061e+00 2.487217e+00
-4.000000e-01 2.471561e+00 2.466592e+00
-3.800000e-01 2.452061e+00 2.446986e+00
-3.600000e-01 2.433561e+00 2.428396e+00
-3.400000e-01 2.416061e+00 2.410822e+00
-3.200000e-01 2.399561e+00 2.394264e+00
-3.000000e-01 2.384061e+00 2.378721e+00
-2.800000e-01 2.369561e+00 2.364192e+00
-2.600000e-01 2.356061e+00 2.350674e+00
-2.400000e-01 2.343561e+00 2.338168e+00
-2.200000e-01 2.332061e+00 2.326672e+00
-2.000000e-01 2.321561e+00 2.316184e+00
-1.800000e-01 2.312061e+00 2.306704e+00
-1.600000e-01 2.303561e+00 2.298228e+00
-1.400000e-01 2.296061e+00 2.290756e+00
-1.200000e-01 2.289561e+00 2.284286e+00
-1.000000e-01 2.284061e+00 2.278817e+00
-8.000000e-02 2.279561e+00 2.274346e+00
-6.000000e-02 2.276061e+00 2.270872e+00
-4.000000e-02 2.273561e+00 2.268392e+00
-2.000000e-02 2.272061e+00 2.266906e+00
0.000000e+00 2.271561e+00 2.266411e+00
2.000000e-02 2.272061e+00 2.266906e+00
4.000000e-02 2.273561e+00 2.268392e+00
6.000000e-02 2.276061e+00 2.270872e+00
8.000000e-02 2.279561e+00 2.274346e+00
1.000000e-01 2.284061e+00 2.278817e+00
1.200000e-01 2.289561e+00 2.284286e+00
1.400000e-01 2.296061e+00 2.290756e+00
1.600000e-01 2.303561e+00 2.298228e+00
1.800000e-01 2.312061e+00 2.306704e+00
2.000000e-01 2.321561e+00 2.316184e+00
2.200000e-01 2.332061e+00 2.326672e+00
2.400000e-01 2.343561e+00 2.338168e+00
2.600000e-01 2.356061e+00 2.350674e+00
2.800000e-01 2.369561e+00 2.364192e+00
3.000000e-01 2.384061e+00 2.378721e+00
3.200000e-01 2.399561e+00 2.394264e+00
3.400000e-01 2.416061e+00 2.410822e+00
3.600000e-01 2.433561e+00 2.428396e+00
3.800000e-01 2.452061e+00 2.446986e+00
4.000000e-01 2.471561e+00 2.466592e+00
4.200000e-01 2.492061e+00 2.487217e+00
4.400000e-01 2.513561e+00 2.508860e+00
4.600000e-01 2.536061e+00 2.531521e+00
4.800000e-01 2.559561e+00 2.555200e+00
5.000000e-01 2.584061e+00 2.579899e+00
5.200000e-01 2.609561e+00 2.605616e+00
5.400000e-01 2.636061e+00 2.632352e+00
5.600000e-01 2.663561e+00 2.660106e+00
5.800000e-01 2.692061e+00 2.688878e+00
6.000000e-01 2.721561e+00 2.718668e+00
6.200000e-01 2.752061e+00 2.749475e+00
6.400000e-01 2.783561e+00 2.781298e+00
6.600000e-01 2.816061e+00 2.814136e+00
6.800000e-01 2.849561e+00 2.847990e+00
7.000000e-01 2.884061e+00 2.882857e+00
7.200000e-01 2.919561e+00 2.918737e+00
7.400000e-01 2.956061e+00 2.955628e+00
7.600000e-01 2.993561e+00 2.993531e+00
7.800000e-01 3.032061e+00 3.032442e+00
8.000000e-01 3.071561e+00 3.072362e+00
8.200000e-01 3.112061e+00 3.113289e+00
8.400000e-01 3.153561e+00 3.155222e+00
8.600000e-01 3.196061e+00 3.198159e+00
8.800000e-01 3.239561e+00 3.242099e+00
9.000000e-01 3.284061e+00 3.287041e+00
9.200000e-01 3.329561e+00 3.332982e+00
9.400000e-01 3.376061e+00 3.379923e+00
9.600000e-01 3.423561e+00 3.427861e+00
9.800000e-01 3.472061e+00 3.476795e+00
1.000000e+00 3.521561e+00 3.526724e+00
1.020000e+00 3.572061e+00 3.577645e+00
1.040000e+00 3.623561e+00 3.629559e+00
1.060000e+00 3.676061e+00 3.682463e+00
1.080000e+00 3.729561e+00 3.736356e+00
1.100000e+00 3.784061e+00 3.791236e+00
1.120000e+00 3.839561e+00 3.847103e+00
1.140000e+00 3.896061e+00 3.903955e+00
1.160000e+00 3.953561e+00 3.961791e+00
1.180000e+00 4.012061e+00 4.020609e+00
1.200000e+00 4.071561e+00 4.080408e+00
1.220000e+00 4.132061e+00 4.141188e+00
1.240000e+00 4.193561e+00 4.202946e+00
1.260000e+00 4.256061e+00 4.265682e+00
1.280000e+00 4.319561e+00 4.329395e+00
1.300000e+00 4.384061e+00 4.394083e+00
1.320000e+00 4.449561e+00 4.459745e+00
1.340000e+00 4.516061e+00 4.526381e+00
1.360000e+00 4.583561e+00 4.593989e+00
1.380000e+00 4.652061e+00 4.662569e+00
1.400000e+00 4.721561e+00 4.732120e+00
1.420000e+00 4.792061e+00 4.802640e+00
1.440000e+00 4.863561e+00 4.874130e+00
1.460000e+00 4.936061e+00 4.946588e+00
1.480000e+00 5.009561e+00 5.020013e+00
1.500000e+00 5.084061e+00 5.094406e+00
1.520000e+00 5.159561e+00 5.169765e+00
1.540000e+00 5.236061e+00 5.246091e+00
1.560000e+00 5.313561e+00 5.323382e+00
1.580000e+00 5.392061e+00 5.401639e+00
1.600000e+00 5.471561e+00 5.480862e+00
1.620000e+00 5.552061e+00 5.561051e+00
1.640000e+00 5.633561e+00 5.642206e+00
1.660000e+00 5.716061e+00 5.724328e+00
1.680000e+00 5.799561e+00 5.807417e+00
1.700000e+00 5.884061e+00 5.891474e+00
1.720000e+00 5.969561e+00 5.976502e+00
1.740000e+00 6.056061e+00 6.062502e+00
1.760000e+00 6.143561e+00 6.149475e+00
1.780000e+00 6.232061e+00 6.237426e+00
1.800000e+00 6.321561e+00 6.326358e+00
1.820000e+00 6.412061e+00 6.416276e+00
1.840000e+00 6.503561e+00 6.507185e+00
1.860000e+00 6.596061e+00 6.599093e+00
1.880000e+00 6.689561e+00 6.692009e+00
1.900000e+00 6.784061e+00 6.785943e+00
1.920000e+00 6.879561e+00 6.880911e+00
1.940000e+00 6.976061e+00 6.976929e+00
1.960000e+00 7.073561e+00 7.074022e+00
1.980000e+00 7.172061e+00 7.172219e+00
2.000000e+00 7.271561e+00 7.271561e+00
