x m_star m_num
-2.000000e+00 4.049955e-05 4.050013e-05
-1.980000e+00 4.941683e-05 5.025171e-05
-1.960000e+00 6.017705e-05 6.590650e-05
-1.940000e+00 7.313382e-05 8.450543e-05
-1.920000e+00 8.870276e-05 1.065524e-04
-1.900000e+00 1.073711e-04 1.326305e-04
-1.880000e+00 1.297087e-04 1.634127e-04
-1.860000e+00 1.563803e-04 1.996745e-04
-1.840000e+00 1.881597e-04 2.423073e-04
-1.820000e+00 2.259449e-04 2.923336e-04
-1.800000e+00 2.707757e-04 3.509239e-04
-1.780000e+00 3.238534e-04 4.194155e-04
-1.760000e+00 3.865615e-04 4.993322e-04
-1.740000e+00 4.604899e-04 5.924076e-04
-1.720000e+00 5.474609e-04 7.006086e-04
-1.700000e+00 6.495573e-04 8.261627e-04
-1.680000e+00 7.691538e-04 9.715866e-04
-1.660000e+00 9.089508e-04 1.139717e-03
-1.640000e+00 1.072010e-03 1.333745e-03
-1.620000e+00 1.261795e-03 1.557250e-03
-1.600000e+00 1.482212e-03 1.814240e-03
-1.580000e+00 1.737654e-03 2.109191e-03
-1.560000e+00 2.033047e-03 2.447088e-03
-1.540000e+00 2.373904e-03 2.833474e-03
-1.520000e+00 2.766369e-03 3.274491e-03
-1.500000e+00 3.217278e-03 3.776933e-03
-1.480000e+00 3.734208e-03 4.348292e-03
-1.460000e+00 4.325534e-03 4.996809e-03
-1.440000e+00 5.000489e-03 5.731526e-03
-1.420000e+00 5.769213e-03 6.562336e-03
-1.400000e+00 6.642814e-03 7.500031e-03
-1.380000e+00 7.633418e-03 8.556355e-03
-1.360000e+00 8.754219e-03 9.744045e-03
-1.340000e+00 1.001953e-02 1.107688e-02
-1.320000e+00 1.144480e-02 1.256970e-02
-1.300000e+00 1.304671e-02 1.423848e-02
-1.280000e+00 1.484311e-02 1.610032e-02
-1.260000e+00 1.685312e-02 1.817347e-02
-1.240000e+00 1.909708e-02 2.047735e-02
-1.220000e+00 2.159660e-02 2.303256e-02
-1.200000e+00 2.437446e-02 2.586084e-02
-1.180000e+00 2.745465e-02 2.898505e-02
-1.160000e+00 3.086231e-02 3.242915e-02
-1.140000e+00 3.462361e-02 3.621814e-02
-1.120000e+00 3.876569e-02 4.037794e-02
-1.100000e+00 4.331659e-02 4.493536e-02
-1.080000e+00 4.830503e-02 4.991794e-02
-1.060000e+00 5.376032e-02 5.535383e-02
-1.040000e+00 5.971216e-02 6.127163e-02
-1.020000e+00 6.619042e-02 6.770020e-02
-1.000000e+00 7.322491e-02 7.466845e-02
-9.800000e-01 8.084516e-02 8.220512e-02
-9.600000e-01 8.908008e-02 9.033853e-02
-9.400000e-01 9.795770e-02 9.909627e-02
-9.200000e-01 1.075048e-01 1.085049e-01
-9.000000e-01 1.177467e-01 1.185897e-01
-8.800000e-01 1.287066e-01 1.293742e-01
-8.600000e-01 1.404056e-01 1.408800e-01
-8.400000e-01 1.528620e-01 1.531260e-01
-8.200000e-01 1.660910e-01 1.661287e-01
-8.000000e-01 1.801042e-01 1.799011e-01
-7.800000e-01 1.949096e-01 1.944527e-01
-7.600000e-01 2.105105e-01 2.097890e-01
-7.400000e-01 2.269060e-01 2.259111e-01
-7.200000e-01 2.440897e-01 2.428153e-01
-7.000000e-01 2.620501e-01 2.604929e-01
-6.800000e-01 2.807700e-01 2.789296e-01
-6.600000e-01 3.002261e-01 2.981055e-01
-6.400000e-01 3.203889e-01 3.179946e-01
-6.200000e-01 3.412228e-01 3.385646e-01
-6.000000e-01 3.626854e-01 3.597769e-01
-5.800000e-01 3.847277e-01 3.815863e-01
-5.600000e-01 4.072942e-01 4.039409e-01
-5.400000e-01 4.303228e-01 4.267826e-01
-5.200000e-01 4.537452e-01 4.500463e-01
-5.000000e-01 4.774864e-01 4.736611e-01
-4.800000e-01 5.014659e-01 4.975495e-01
-4.600000e-01 5.255975e-01 5.216285e-01
-4.400000e-01 5.497896e-01 5.458096e-01
-4.200000e-01 5.739462e-01 5.699994e-01
-4.000000e-01 5.979671e-01 5.940999e-01
-3.800000e-01 6.217485e-01 6.180096e-01
-3.600000e-01 6.451841e-01 6.416236e-01
-3.400000e-01 6.681654e-01 6.648348e-01
-3.200000e-01 6.905827e-01 6.875342e-01
-3.000000e-01 7.123260e-01 7.096124e-01
-2.800000e-01 7.332859e-01 7.309598e-01
-2.600000e-01 7.533544e-01 7.514679e-01
-2.400000e-01 7.724256e-01 7.710303e-01
-2.200000e-01 7.903973e-01 7.895430e-01
-2.000000e-01 8.071711e-01 8.069062e-01
-1.800000e-01 8.226540e-01 8.230245e-01
-1.600000e-01 8.367587e-01 8.378080e-01
-1.400000e-01 8.494047e-01 8.511733e-01
-1.200000e-01 8.605190e-01 8.630440e-01
-1.000000e-01 8.700370e-01 8.733515e-01
-8.000000e-02 8.779026e-01 8.820359e-01
-6.000000e-02 8.840695e-01 8.890461e-01
-4.000000e-02 8.885009e-01 8.943407e-01
-2.000000e-02 8.911704e-01 8.978883e-01
0.000000e+00 8.920621e-01 8.996675e-01
2.000000e-02 8.911704e-01 8.978883e-01
4.000000e-02 8.885009e-01 8.943407e-01
6.000000e-02 8.840695e-01 8.890461e-01
8.000000e-02 8.779026e-01 8.820359e-01
1.000000e-01 8.700370e-01 8.733515e-01
1.200000e-01 8.605190e-01 8.630440e-01
1.400000e-01 8.494047e-01 8.511733e-01
1.600000e-01 8.367587e-01 8.378080e-01
1.800000e-01 8.226540e-01 8.230245e-01
2.000000e-01 8.071711e-01 8.069062e-01
2.200000e-01 7.903973e-01 7.895430e-01
2.400000e-01 7.724256e-01 7.710303e-01
2.600000e-01 7.533544e-01 7.514679e-01
2.800000e-01 7.332859e-01 7.309598e-01
3.000000e-01 7.123260e-01 7.096124e-01
3.200000e-01 6.905827e-01 6.875342e-01
3.400000e-01 6.681654e-01 6.648348e-01
3.600000e-01 6.451841e-01 6.416236e-01
3.800000e-01 6.217485e-01 6.180096e-01
4.000000e-01 5.979671e-01 5.940999e-01
4.200000e-01 5.739462e-01 5.699994e-01
4.400000e-01 5.497896e-01 5.458096e-01
4.600000e-01 5.255975e-01 5.216285e-01
4.800000e-01 5.014659e-01 4.975495e-01
5.000000e-01 4.774864e-01 4.736611e-01
5.200000e-01 4.537452e-01 4.500463e-01
5.400000e-01 4.303228e-01 4.267826e-01
5.600000e-01 4.072942e-01 4.039409e-01
5.800000e-01 3.847277e-01 3.815863e-01
6.000000e-01 3.626854e-01 3.597769e-01
6.200000e-01 3.412228e-01 3.385646e-01
6.400000e-01 3.203889e-01 3.179946e-01
6.600000e-01 3.002261e-01 2.981055e-01
6.800000e-01 2.807700e-01 2.789296e-01
7.000000e-01 2.620501e-01 2.604929e-01
7.200000e-01 2.440897e-01 2.428153e-01
7.400000e-01 2.269060e-01 2.259111e-01
7.600000e-01 2.105105e-01 2.097890e-01
7.800000e-01 1.949096e-01 1.944527e-01
8.000000e-01 1.801042e-01 1.799011e-01
8.200000e-01 1.660910e-01 1.661287e-01
8.400000e-01 1.528620e-01 1.531260e-01
8.600000e-01 1.404056e-01 1.408800e-01
8.800000e-01 1.287066e-01 1.293742e-01
9.000000e-01 1.177467e-01 1.185897e-01
9.200000e-01 1.075048e-01 1.085049e-01
9.400000e-01 9.795770e-02 9.909627e-02
9.600000e-01 8.908008e-02 9.033853e-02
9.800000e-01 8.084516e-02 8.220512e-02
1.000000e+00 7.322491e-02 7.466845e-02
1.020000e+00 6.619042e-02 6.770020e-02
1.040000e+00 5.971216e-02 6.127163e-02
1.060000e+00 5.376032e-02 5.535383e-02
1.080000e+00 4.830503e-02 4.991794e-02
1.100000e+00 4.331659e-02 4.493536e-02
1.120000e+00 3.876569e-02 4.037794e-02
1.140000e+00 3.462361e-02 3.621814e-02
1.160000e+00 3.086231e-02 3.242915e-02
1.180000e+00 2.745465e-02 2.898505e-02
1.200000e+00 2.437446e-02 2.586084e-02
1.220000e+00 2.159660e-02 2.303256e-02
1.240000e+00 1.909708e-02 2.047735e-02
1.260000e+00 1.685312e-02 1.817347e-02
1.280000e+00 1.484311e-02 1.610032e-02
1.300000e+00 1.304671e-02 1.423848e-02
1.320000e+00 1.144480e-02 1.256970e-02
1.340000e+00 1.001953e-02 1.107688e-02
1.360000e+00 8.754219e-03 9.744045e-03
1.380000e+00 7.633418e-03 8.556355e-03
1.400000e+00 6.642814e-03 7.500031e-03
1.420000e+00 5.769213e-03 6.562336e-03
1.440000e+00 5.000489e-03 5.731526e-03
1.460000e+00 4.325534e-03 4.996809e-03
1.480000e+00 3.734208e-03 4.348292e-03
1.500000e+00 3.217278e-03 3.776933e-03
1.520000e+00 2.766369e-03 3.274491e-03
1.540000e+00 2.373904e-03 2.833474e-03
1.560000e+00 2.033047e-03 2.447088e-03
1.580000e+00 1.737654e-03 2.109191e-03
1.600000e+00 1.482212e-03 1.814240e-03
1.620000e+00 1.261795e-03 1.557250e-03
1.640000e+00 1.072010e-03 1.333745e-03
1.660000e+00 9.089508e-04 1.139717e-03
1.680000e+00 7.691538e-04 9.715866e-04
1.700000e+00 6.495573e-04 8.261627e-04
1.720000e+00 5.474609e-04 7.006086e-04
1.740000e+00 4.604899e-04 5.924076e-04
1.760000e+00 3.865615e-04 4.993322e-04
1.780000e+00 3.238534e-04 4.194155e-04
1.800000e+00 2.707757e-04 3.509239e-04
1.820000e+00 2.259449e-04 2.923336e-04
1.840000e+00 1.881597e-04 2.423073e-04
1.860000e+00 1.563803e-04 1.996745e-04
1.880000e+00 1.297087e-04 1.634127e-04
1.900000e+00 1.073711e-04 1.326305e-04
1.920000e+00 8.870276e-05 1.065524e-04
1.940000e+00 7.313382e-05 8.450543e-05
1.960000e+00 6.017705e-05 6.590650e-05
1.980000e+00 4.941683e-05 5.025171e-05
2.000000e+00 4.049955e-05 4.050013e-05
