=========================================================================================================
   2D NONLOCAL CONGESTION MFG (NEWTON-PICARD)
=========================================================================================================
Settings: nu=0.01, zeta=1.0, beta=1.5, T=1.0, sigma=0.2, Dx=0.0050, Dy=0.0050, DAMPING=0.15
---------------------------------------------------------------------------------------------------------
Iter  | Abs Err U    | Rel Err U    | Abs Err M    | Rel Err M    | Newton It  | Time (s)
---------------------------------------------------------------------------------------------------------
1     | 2.2898e-01   | 2.2898e+08   | 1.3955e-02   | 2.8427e-06   | 313        | 62.6224
2     | 1.9475e-01   | 4.2524e-04   | 2.3746e-02   | 4.8490e-06   | 313        | 62.4669
3     | 1.6572e-01   | 1.9555e-04   | 3.0273e-02   | 6.2071e-06   | 313        | 62.1062
4     | 1.4110e-01   | 1.1969e-04   | 3.4262e-02   | 7.0616e-06   | 313        | 62.4084
5     | 1.2019e-01   | 8.2264e-05   | 3.6304e-02   | 7.5257e-06   | 313        | 62.1230
6     | 1.0244e-01   | 6.0206e-05   | 3.6873e-02   | 7.6896e-06   | 313        | 62.6264
7     | 8.7346e-02   | 4.5820e-05   | 3.6351e-02   | 7.6262e-06   | 313        | 62.5167
8     | 7.4511e-02   | 3.5807e-05   | 3.5047e-02   | 7.3945e-06   | 313        | 62.6108
9     | 6.3591e-02   | 2.8518e-05   | 3.3202e-02   | 7.0428e-06   | 313        | 62.3604
10    | 5.4295e-02   | 2.3037e-05   | 3.1010e-02   | 6.6099e-06   | 312        | 62.9952
11    | 4.6379e-02   | 1.8813e-05   | 2.8619e-02   | 6.1273e-06   | 312        | 63.9243
12    | 3.9634e-02   | 1.5496e-05   | 2.6145e-02   | 5.6194e-06   | 312        | 62.8280
13    | 3.3886e-02   | 1.2852e-05   | 2.3673e-02   | 5.1057e-06   | 312        | 63.7191
14    | 2.8985e-02   | 1.0719e-05   | 2.1267e-02   | 4.6005e-06   | 312        | 63.4113
15    | 2.4803e-02   | 8.9815e-06   | 1.8971e-02   | 4.1144e-06   | 312        | 63.2834
16    | 2.1234e-02   | 7.5547e-06   | 1.6816e-02   | 3.6550e-06   | 312        | 64.7111
17    | 1.8185e-02   | 6.3750e-06   | 1.4819e-02   | 3.2270e-06   | 312        | 67.2065
18    | 1.5580e-02   | 5.3941e-06   | 1.2990e-02   | 2.8331e-06   | 312        | 68.3228
19    | 1.3353e-02   | 4.5744e-06   | 1.1332e-02   | 2.4746e-06   | 312        | 62.0081
20    | 1.1447e-02   | 3.8867e-06   | 9.8402e-03   | 2.1512e-06   | 312        | 62.1938
21    | 9.8147e-03   | 3.3075e-06   | 8.5098e-03   | 1.8620e-06   | 312        | 65.1389
22    | 8.4163e-03   | 2.8182e-06   | 7.3313e-03   | 1.6053e-06   | 312        | 65.6529
23    | 7.2175e-03   | 2.4037e-06   | 6.2943e-03   | 1.3790e-06   | 312        | 63.7890
24    | 6.1892e-03   | 2.0518e-06   | 5.3871e-03   | 1.1808e-06   | 312        | 64.0322
25    | 5.3067e-03   | 1.7523e-06   | 4.5979e-03   | 1.0082e-06   | 312        | 66.6695
26    | 4.5490e-03   | 1.4972e-06   | 3.9148e-03   | 8.5863e-07   | 312        | 66.0927
27    | 3.8983e-03   | 1.2794e-06   | 3.3265e-03   | 7.2975e-07   | 312        | 63.0546
28    | 3.3394e-03   | 1.0933e-06   | 2.8219e-03   | 6.1915e-07   | 312        | 62.4476
29    | 2.8592e-03   | 9.3419e-07   | 2.3909e-03   | 5.2465e-07   | 312        | 63.5272
---------------------------------------------------------------------------------------------------------
CONVERGED at nu=0.01 in 29 iterations.
Total Execution Time: 1863.5677 seconds.
